1951 11   105.0
1951 12   103.9
1952  1    95.5
1952  2    87.1
1952  3    78.3
1952  4    84.2
1952  5    80.8
1952  6    84.6
1952  7    88.7
1952  8    94.6
1952  9    83.6
1952 10    83.0
1952 11    82.0
1952 12    85.8
1953  1    82.8
1953  2    72.2
1953  3    69.9
1953  4    78.8
1953  5    72.6
1953  6    72.3
1953  7    69.6
1953  8    74.3
1953  9    74.3
1953 10    71.9
1953 11    71.5
1953 12    70.5
1954  1    68.5
1954  2    68.6
1954  3    71.5
1954  4    68.5
1954  5    67.6
1954  6    67.2
1954  7    67.5
1954  8    69.7
1954  9    70.1
1954 10    73.0
1954 11    72.5
1954 12    75.3
1955  1    84.7
1955  2    81.9
1955  3    74.4
1955  4    77.2
1955  5    82.0
1955  6    88.6
1955  7    86.6
1955  8    90.7
1955  9    95.1
1955 10   111.0
1955 11   130.1
1955 12   134.7
1956  1   140.3
1956  2   166.4
1956  3   160.4
1956  4   164.6
1956  5   163.3
1956  6   153.8
1956  7   162.5
1956  8   194.3
1956  9   199.2
1956 10   201.6
1956 11   250.4
1956 12   253.7
1957  1   232.3
1957  2   186.9
1957  3   197.8
1957  4   199.9
1957  5   208.7
1957  6   251.9
1957  7   217.8
1957  8   202.2
1957  9   267.0
1957 10   283.1
1957 11   259.3
1957 12   289.5
1958  1   251.7
1958  2   211.9
1958  3   251.6
1958  4   245.8
1958  5   220.2
1958  6   220.3
1958  7   223.9
1958  8   236.8
1958  9   243.5
1958 10   228.0
1958 11   209.3
1958 12   238.3
1959  1   275.4
1959  2   208.1
1959  3   229.1
1959  4   210.5
1959  5   212.6
1959  6   217.3
1959  7   202.8
1959  8   234.1
1959  9   194.3
1959 10   165.0
1959 11   185.0
1959 12   181.6
1960  1   202.0
1960  2   170.0
1960  3   148.1
1960  4   167.6
1960  5   162.6
1960  6   161.7
1960  7   163.8
1960  8   174.3
1960  9   164.4
1960 10   142.3
1960 11   148.9
1960 12   138.2
1961  1   122.0
1961  2   106.5
1961  3   104.8
1961  4   105.0
1961  5    99.3
1961  6   109.8
1961  7   116.4
1961  8   106.2
1961  9   112.7
1961 10    96.7
1961 11    90.3
1961 12    95.3
1962  1    94.7
1962  2   101.2
1962  3    99.9
1962  4    96.1
1962  5    97.8
1962  6    90.9
1962  7    81.2
1962  8    77.2
1962  9    89.4
1962 10    87.8
1962 11    85.0
1962 12    80.5
1963  1    79.5
1963  2    79.7
1963  3    77.8
1963  4    79.3
1963  5    87.7
1963  6    83.5
1963  7    75.9
1963  8    80.8
1963  9    84.1
1963 10    85.1
1963 11    81.7
1963 12    78.4
1964  1    75.3
1964  2    76.8
1964  3    75.8
1964  4    72.6
1964  5    69.4
1964  6    69.0
1964  7    67.0
1964  8    69.3
1964  9    70.1
1964 10    73.3
1964 11    73.7
1964 12    78.8
1965  1    78.6
1965  2    75.2
1965  3    74.1
1965  4    72.0
1965  5    78.1
1965  6    76.9
1965  7    74.3
1965  8    74.6
1965  9    76.5
1965 10    80.1
1965 11    77.7
1965 12    77.8
1966  1    88.0
1966  2    84.3
1966  3    89.6
1966  4    97.1
1966  5    98.5
1966  6    96.2
1966  7   106.6
1966  8   106.5
1966  9   110.9
1966 10   108.6
1966 11   113.4
1966 12   124.0
1967  1   147.9
1967  2   147.1
1967  3   160.6
1967  4   129.8
1967  5   142.8
1967  6   120.1
1967  7   140.2
1967  8   153.7
1967  9   132.1
1967 10   136.1
1967 11   145.4
1967 12   163.2
1968  1   188.4
1968  2   173.3
1968  3   142.7
1968  4   129.5
1968  5   154.8
1968  6   142.2
1968  7   137.1
1968  8   142.1
1968  9   140.9
1968 10   152.5
1968 11   138.6
1968 12   148.5
1969  1   152.8
1969  2   155.3
1969  3   172.3
1969  4   155.4
1969  5   145.3
1969  6   162.0
1969  7   136.5
1969  8   142.9
1969  9   137.3
1969 10   154.1
1969 11   156.8
1969 12   143.7
1970  1   158.4
1970  2   175.6
1970  3   158.4
1970  4   161.9
1970  5   168.3
1970  6   154.8
1970  7   151.9
1970  8   138.1
1970  9   143.2
1970 10   148.3
1970 11   162.1
1970 12   152.9
1971  1   162.7
1971  2   137.9
1971  3   111.9
1971  4   116.6
1971  5   109.8
1971  6   101.6
1971  7   117.3
1971  8   114.0
1971  9   104.1
1971 10   107.2
1971 11   114.1
1971 12   124.6
1972  1   114.9
1972  2   141.9
1972  3   128.5
1972  4   112.9
1972  5   129.5
1972  6   135.3
1972  7   121.9
1972  8   125.7
1972  9   113.6
1972 10   122.2
1972 11   101.7
1972 12   103.0
1973  1   102.3
1973  2    98.8
1973  3   100.4
1973  4   104.5
1973  5    96.9
1973  6    91.2
1973  7    84.4
1973  8    82.8
1973  9   105.2
1973 10    87.7
1973 11    81.6
1973 12    84.2
1974  1    83.2
1974  2    80.9
1974  3    79.2
1974  4    85.6
1974  5    90.2
1974  6    86.2
1974  7    92.4
1974  8    83.0
1974  9    87.8
1974 10    97.3
1974 11    90.3
1974 12    81.2
1975  1    77.6
1975  2    74.2
1975  3    72.4
1975  4    70.7
1975  5    70.0
1975  6    69.6
1975  7    77.1
1975  8    90.0
1975  9    79.6
1975 10    75.8
1975 11    80.9
1975 12    74.7
1976  1    74.8
1976  2    70.6
1976  3    76.7
1976  4    76.3
1976  5    70.6
1976  6    70.5
1976  7    67.5
1976  8    74.7
1976  9    73.1
1976 10    75.9
1976 11    72.9
1976 12    76.8
1977  1    77.5
1977  2    82.4
1977  3    76.6
1977  4    77.6
1977  5    79.6
1977  6    91.5
1977  7    81.0
1977  8    84.2
1977  9   100.2
1977 10    96.9
1977 11    93.8
1977 12   102.2
1978  1   109.7
1978  2   145.0
1978  3   141.8
1978  4   149.3
1978  5   146.4
1978  6   142.1
1978  7   131.0
1978  8   114.0
1978  9   157.2
1978 10   158.3
1978 11   151.6
1978 12   175.6
1979  1   203.2
1979  2   204.3
1979  3   185.8
1979  4   173.7
1979  5   165.0
1979  6   180.1
1979  7   165.8
1979  8   172.7
1979  9   200.2
1979 10   218.0
1979 11   230.2
1979 12   203.7
1980  1   206.3
1980  2   200.1
1980  3   168.1
1980  4   207.9
1980  5   223.9
1980  6   193.0
1980  7   184.7
1980  8   166.1
1980  9   183.8
1980 10   204.2
1980 11   218.2
1980 12   225.9
1981  1   174.7
1981  2   204.7
1981  3   205.3
1981  4   223.2
1981  5   194.5
1981  6   156.7
1981  7   191.8
1981  8   220.5
1981  9   219.4
1981 10   224.3
1981 11   207.9
1981 12   207.9
1982  1   179.2
1982  2   214.4
1982  3   210.5
1982  4   161.7
1982  5   144.5
1982  6   171.8
1982  7   159.4
1982  8   167.8
1982  9   165.3
1982 10   162.0
1982 11   167.5
1982 12   198.4
1983  1   142.4
1983  2   122.7
1983  3   118.5
1983  4   118.9
1983  5   136.9
1983  6   138.5
1983  7   124.9
1983  8   124.3
1983  9   109.0
1983 10   112.5
1983 11    93.0
1983 12    93.5
1984  1   115.1
1984  2   140.1
1984  3   122.1
1984  4   128.0
1984  5   128.2
1984  6   100.2
1984  7    89.2
1984  8    83.6
1984  9    78.0
1984 10    73.5
1984 11    76.3
1984 12    75.9
1985  1    74.5
1985  2    73.7
1985  3    73.3
1985  4    74.8
1985  5    80.2
1985  6    76.0
1985  7    78.7
1985  8    71.4
1985  9    69.5
1985 10    74.7
1985 11    74.3
1985 12    74.8
1986  1    73.3
1986  2    83.7
1986  3    77.0
1986  4    75.0
1986  5    72.5
1986  6    67.5
1986  7    70.2
1986  8    68.3
1986  9    68.7
1986 10    83.0
1986 11    77.2
1986 12    72.7
1987  1    72.6
1987  2    71.6
1987  3    74.0
1987  4    84.5
1987  5    87.7
1987  6    77.9
1987  7    83.8
1987  8    89.9
1987  9    86.1
1987 10    98.2
1987 11   101.3
1987 12    94.5
1988  1   108.1
1988  2   105.0
1988  3   114.9
1988  4   122.7
1988  5   115.2
1988  6   138.6
1988  7   152.5
1988  8   154.1
1988  9   152.5
1988 10   169.8
1988 11   156.3
1988 12   199.9
1989  1   234.3
1989  2   222.5
1989  3   205.1
1989  4   189.5
1989  5   190.0
1989  6   239.4
1989  7   181.7
1989  8   217.0
1989  9   225.9
1989 10   208.7
1989 11   233.0
1989 12   213.2
1990  1   210.3
1990  2   178.4
1990  3   188.8
1990  4   185.2
1990  5   189.6
1990  6   170.8
1990  7   180.6
1990  8   222.5
1990  9   177.4
1990 10   182.1
1990 11   184.4
1990 12   205.1
1991  1   229.5
1991  2   241.7
1991  3   229.9
1991  4   198.7
1991  5   190.1
1991  6   206.6
1991  7   211.8
1991  8   210.2
1991  9   180.6
1991 10   201.4
1991 11   172.1
1991 12   224.1
1992  1   217.7
1992  2   232.2
1992  3   171.3
1992  4   158.5
1992  5   125.3
1992  6   116.6
1992  7   132.1
1992  8   121.2
1992  9   116.8
1992 10   131.7
1992 11   145.8
1992 12   139.2
1993  1   121.1
1993  2   142.0
1993  3   136.4
1993  4   115.8
1993  5   112.3
1993  6   109.2
1993  7    98.9
1993  8    93.6
1993  9    87.0
1993 10   100.3
1993 11    96.0
1993 12   103.9
1994  1   114.6
1994  2    99.7
1994  3    90.4
1994  4    79.1
1994  5    79.8
1994  6    77.2
1994  7    80.4
1994  8    76.1
1994  9    79.0
1994 10    87.7
1994 11    81.0
1994 12    84.2
1995  1    82.7
1995  2    85.6
1995  3    85.0
1995  4    77.6
1995  5    75.4
1995  6    75.6
1995  7    73.9
1995  8    73.8
1995  9    72.0
1995 10    78.0
1995 11    74.2
1995 12    72.6
1996  1    74.6
1996  2    71.5
1996  3    70.7
1996  4    69.3
1996  5    70.1
1996  6    69.8
1996  7    71.2
1996  8    72.4
1996  9    69.4
1996 10    69.3
1996 11    78.8
1996 12    77.8
1997  1    74.0
1997  2    73.8
1997  3    72.2
1997  4    74.5
1997  5    74.5
1997  6    71.7
1997  7    71.1
1997  8    79.0
1997  9    95.6
1997 10    84.9
1997 11    99.2
1997 12    98.8
1998  1    93.4
1998  2    93.4
1998  3   105.8
1998  4   107.7
1998  5   106.6
1998  6   108.3
1998  7   113.9
1998  8   136.0
1998  9   138.3
1998 10   117.3
1998 11   139.5
1998 12   150.3
1999  1   140.8
1999  2   142.1
1999  3   126.2
1999  4   117.1
1999  5   146.6
1999  6   168.8
1999  7   163.4
1999  8   169.9
1999  9   135.7
1999 10   164.9
1999 11   189.4
1999 12   169.9
2000  1   159.1
2000  2   174.1
2000  3   208.2
2000  4   184.1
2000  5   184.4
2000  6   178.5
2000  7   202.3
2000  8   163.0
2000  9   182.0
2000 10   167.8
2000 11   178.8
2000 12   173.7
2001  1   166.8
2001  2   146.8
2001  3   175.2
2001  4   178.3
2001  5   148.6
2001  6   173.5
2001  7   131.2
2001  8   163.0
2001  9   233.8
2001 10   208.1
2001 11   212.7
2001 12   236.9
2002  1   227.5
2002  2   205.2
2002  3   180.2
2002  4   189.7
2002  5   178.3
2002  6   148.6
2002  7   173.7
2002  8   183.8
2002  9   175.8
2002 10   167.1
2002 11   168.9
2002 12   157.3
2003  1   144.1
2003  2   124.6
2003  3   132.2
2003  4   126.7
2003  5   116.5
2003  6   129.2
2003  7   127.6
2003  8   122.1
2003  9   112.3
2003 10   150.1
2003 11   140.2
2003 12   115.3
2004  1   114.2
2004  2   107.0
2004  3   112.1
2004  4   101.2
2004  5    99.7
2004  6    97.3
2004  7   117.4
2004  8   109.9
2004  9   103.0
2004 10   105.9
2004 11   113.1
2004 12    95.1
2005  1   102.3
2005  2    97.3
2005  3    89.9
2005  4    86.0
2005  5    99.1
2005  6    93.6
2005  7    96.4
2005  8    90.6
2005  9    90.3
2005 10    76.6
2005 11    86.3
2005 12    90.8
2006  1    83.5
2006  2    76.6
2006  3    75.5
2006  4    89.0
2006  5    80.8
2006  6    76.5
2006  7    75.8
2006  8    78.9
2006  9    77.8
2006 10    74.3
2006 11    86.4
2006 12    85.2
2007  1    83.8
2007  2    77.7
2007  3    72.2
2007  4    72.3
2007  5    74.3
2007  6    73.6
2007  7    71.6
2007  8    69.1
2007  9    67.0
2007 10    67.6
2007 11    69.6
2007 12    78.6
2008  1    74.4
2008  2    71.2
2008  3    72.9
2008  4    70.2
2008  5    68.3
2008  6    65.9
2008  7    65.6
2008  8    66.3
2008  9    67.1
2008 10    68.3
2008 11    68.6
2008 12    69.2
2009  1    69.9
2009  2    70.0
2009  3    69.2
2009  4    69.7
2009  5    70.5
2009  6    68.6
2009  7    68.2
2009  8    67.3
2009  9    70.5
2009 10    72.4
2009 11    73.7
2009 12    76.8
2010  1    81.1
2010  2    84.8
2010  3    83.4
2010  4    75.9
2010  5    73.7
2010  6    72.4
2010  7    79.8
2010  8    79.5
2010  9    81.1
2010 10    81.7
2010 11    82.5
2010 12    84.3
2011  1    83.7
2011  2    93.7
2011  3   114.8
2011  4   112.5
2011  5    95.8
2011  6    95.7
2011  7    94.1
2011  8   101.7
2011  9   133.5
2011 10   137.3
2011 11   153.3
2011 12   141.4
2012  1   133.3
2012  2   106.9
2012  3   114.0
2012  4   113.1
2012  5   121.5
2012  6   120.8
2012  7   133.7
2012  8   115.6
2012  9   123.0
2012 10   123.3
2012 11   121.1
2012 12   108.5
2013  1   127.2
2013  2   104.4
2013  3   111.3
2013  4   125.0
2013  5   131.3
2013  6   110.1
2013  7   115.4
2013  8   114.4
2013  9   102.6
2013 10   132.5
2013 11   148.4
2013 12   147.8
2014  1   156.6
2014  2   170.4
2014  3   149.9
2014  4   144.2
2014  5   130.1
2014  6   122.0
2014  7   137.3
2014  8   125.2
2014  9   147.8
2014 10   154.4
2014 11   153.8
2014 12   159.1
2015  1   142.3
2015  2   129.2
2015  3   126.3
2015  4   129.0
2015  5   119.9
2015  6   122.7
2015  7   107.0
2015  8   106.5
2015  9   102.0
2015 10   104.1
2015 11   109.6
2015 12   112.8
2016  1   103.5
2016  2   103.6
2016  3    91.5
2016  4    93.4
2016  5    93.1
2016  6    81.8
2016  7    85.9
2016  8    84.6
2016  9    87.7
2016 10    86.1
2016 11    78.6
2016 12    75.2
2017  1    77.4
2017  2    76.9
2017  3    74.6
2017  4    80.7
2017  5    73.5
2017  6    74.7
2017  7    77.6
2017  8    77.9
2017  9    90.3
2017 10    76.4
2017 11    72.3
2017 12    71.6
2018  1    70.0
2018  2    72.0
2018  3    68.2
2018  4    70.0
2018  5    70.8
2018  6    72.4
2018  7    69.6
2018  8    69.1
2018  9    68.3
2018 10    69.6
2018 11    69.0
2018 12    70.0
2019  1    71.6
2019  2    70.6
2019  3    71.5
2019  4    72.4
2019  5    71.2
2019  6    68.0
2019  7    67.1
2019  8    67.0
2019  9    68.1
2019 10    67.5
2019 11    70.2
2019 12    70.9
2020  1    72.3
2020  2    71.0
2020  3    70.2
2020  4    69.5
2020  5    69.1
2020  6    69.4
2020  7    69.4
2020  8    71.6
2020  9    70.7
2020 10    74.7
2020 11    89.9
2020 12    86.9
2021  1    76.1
2021  2    73.7
2021  3    75.1
2021  4    74.7
2021  5    74.9
2021  6    79.4
2021  7    80.9
2021  8    77.7
2021  9    86.9
2021 10    89.7
2021 11    87.1
2021 12   101.8
2022  1   103.9
2022  2   109.3
2022  3   115.8
2022  4   130.7
2022  5   133.3
2022  6   116.0
2022  7   125.3
2022  8   114.1
2022  9   134.3
2022 10   133.6
2022 11   123.5
2022 12   148.6
2023  1   182.5
2023  2   167.8
2023  3   157.7
2023  4   145.6
2023  5   156.2
2023  6   161.5
2023  7   175.6
2023  8   153.6
2023  9   154.4
2023 10   142.8
2023 11   154.1
2023 12   151.4
2024  1   163.1
2024  2   172.4
2024  3   155.2
2024  4   161.3
2024  5   186.7
2024  6   184.0
2024  7   196.3
2024  8   246.0
2024  9   196.1
2024 10   222.2
2024 11   201.5
2024 12   197.5
2025  1   190.1
2025  2   184.1
2025  3   164.2
2025  4   162.4
2025  5   135.2
2025  6   131.2
2025  7   137.7
2025  8   155.1
